6.981996,7.038535,0.570099,0.004105,0.000752,-0.548904,0.835875,39214.000000,0.000000
6.985792,7.027835,0.570034,0.002446,0.000472,-0.549084,0.835763,39221.000000,0.139967
6.988715,7.021257,0.570369,0.001694,0.000754,-0.549196,0.835692,39224.000000,0.199968
6.994601,7.009797,0.570567,0.002030,0.002096,-0.550936,0.834542,39227.000000,0.260030
6.999548,6.999418,0.570660,0.001732,0.002341,-0.551111,0.834427,39234.000000,0.400039
7.001186,6.995264,0.570246,0.002442,0.001085,-0.551831,0.833952,39237.000000,0.460046
7.008334,6.975777,0.571079,0.004064,0.000229,-0.550030,0.835135,39244.000000,0.600015
7.011315,6.970260,0.571223,0.003803,0.000193,-0.549637,0.835395,39247.000000,0.660065
7.013217,6.964499,0.571291,0.004189,0.000166,-0.549563,0.835441,39251.000000,0.740016
7.019858,6.948539,0.571551,0.001729,0.000456,-0.550223,0.835016,39257.000000,0.859943
7.087482,6.797755,0.569269,0.001284,0.002798,-0.551757,0.833999,39327.000000,2.259976
7.120459,6.719271,0.569394,0.002057,0.001363,-0.552543,0.833481,39367.000000,3.060024
7.176895,6.582892,0.569222,0.002186,0.001233,-0.551806,0.833969,39429.000000,4.300011
7.207564,6.503223,0.569644,0.003534,-0.001077,-0.551937,0.833878,39469.000000,5.100046
7.263917,6.367198,0.568554,0.004158,-0.000274,-0.550542,0.834797,39535.000000,6.419998
7.305039,6.277959,0.567939,0.003611,0.001019,-0.549371,0.835570,39575.000000,7.220008
7.350401,6.171206,0.569190,0.002553,0.001700,-0.550046,0.835129,39627.000000,8.259971
7.405689,6.031182,0.570609,0.002636,0.001299,-0.550282,0.834973,39693.000000,9.579996
7.436236,5.960610,0.570018,0.003058,0.001744,-0.550917,0.834552,39730.000000,10.320013
7.498200,5.819469,0.569119,0.001574,0.003468,-0.549283,0.835628,39795.000000,11.620032
7.506142,5.802698,0.569256,0.002758,0.000847,-0.549407,0.835550,39802.000000,11.760059
7.563088,5.677546,0.568145,0.001114,0.004352,-0.550370,0.834909,39861.000000,12.939960
7.576358,5.647777,0.568654,0.003354,0.001910,-0.549057,0.835776,39874.000000,13.200043
7.624743,5.536098,0.569889,0.001665,0.002556,-0.550475,0.834846,39930.000000,14.320013
7.646433,5.484644,0.569521,0.001356,0.003024,-0.550090,0.835099,39953.000000,14.780028
7.694004,5.373040,0.568399,0.003078,0.001381,-0.548493,0.836148,40006.000000,15.840065
7.715497,5.324603,0.568486,0.002123,-0.000124,-0.549666,0.835382,40030.000000,16.320016
7.733316,5.280260,0.568826,0.001387,0.001743,-0.548414,0.836204,40049.000000,16.700021
7.779095,5.168477,0.568458,0.004226,0.000242,-0.547423,0.836845,40103.000000,17.780065
7.798859,5.123392,0.568708,0.001707,0.001433,-0.547408,0.836863,40123.000000,18.179950
7.821354,5.066400,0.568434,0.001820,0.000088,-0.545564,0.838067,40149.000000,18.699987
7.839840,5.025524,0.568149,0.003737,-0.000432,-0.546144,0.837683,40169.000000,19.099992
7.857200,4.984978,0.568534,0.001761,0.000536,-0.546641,0.837365,40189.000000,19.500066
7.873897,4.945169,0.568323,0.003286,-0.000356,-0.544598,0.838691,40209.000000,19.900065
7.930822,4.823775,0.567606,0.001501,-0.000265,-0.543915,0.839139,40265.000000,21.020064
7.981200,4.705464,0.567927,0.002109,-0.000522,-0.543413,0.839463,40327.000000,22.260089
8.018013,4.615650,0.569009,0.004435,-0.000440,-0.541625,0.840608,40364.000000,23.000012
8.075025,4.489552,0.569570,0.002746,-0.002182,-0.540789,0.841151,40426.000000,24.239961
8.110793,4.412173,0.570574,0.003390,-0.001015,-0.538980,0.842311,40463.000000,24.980062
8.169165,4.285689,0.568573,0.002800,-0.001818,-0.540045,0.841629,40525.000000,26.220024
8.208747,4.199207,0.568373,0.003310,0.000202,-0.537841,0.843040,40565.000000,27.020025
8.267657,4.073177,0.568072,0.002744,0.000890,-0.537616,0.843185,40627.000000,28.259964
8.305514,3.994288,0.568200,0.003214,0.001521,-0.535678,0.844415,40667.000000,29.060075
8.363942,3.870513,0.568148,0.002566,0.000313,-0.537439,0.843299,40726.000000,30.240036
8.376176,3.843216,0.566602,0.000364,0.003101,-0.534522,0.845149,40740.000000,30.520018
8.392779,3.809796,0.567203,0.001764,0.002340,-0.537852,0.843034,40756.000000,30.840003
8.460990,3.660431,0.569207,0.003895,0.000569,-0.535503,0.844524,40826.000000,32.240001
8.463193,3.655456,0.569250,0.004281,0.000587,-0.534949,0.844874,40829.000000,32.300028
8.518801,3.530305,0.570051,0.004688,-0.000481,-0.532793,0.846233,40891.000000,33.540034
8.525155,3.517832,0.570400,0.004292,-0.000313,-0.531582,0.846996,40898.000000,33.680042
8.592050,3.383235,0.569007,0.003277,0.000534,-0.531508,0.847047,40960.000000,34.919962
8.597098,3.371728,0.568819,0.003133,0.000441,-0.531113,0.847295,40967.000000,35.060018
8.658887,3.245992,0.569549,0.002596,-0.000103,-0.531223,0.847228,41026.000000,36.239995
8.674132,3.213957,0.570022,0.001279,0.000912,-0.530570,0.847640,41043.000000,36.579994
8.689495,3.175413,0.569144,0.004075,-0.000980,-0.528042,0.849208,41063.000000,36.980022
8.756239,3.040544,0.568652,0.002841,0.000100,-0.526724,0.850031,41125.000000,38.220016
8.763862,3.024672,0.568442,0.001016,0.000416,-0.525480,0.850805,41135.000000,38.419999
8.785947,2.980892,0.570043,0.001796,-0.000973,-0.527844,0.849339,41155.000000,38.820018
8.800984,2.947166,0.570062,0.000762,0.000215,-0.526368,0.850257,41172.000000,39.160029
8.820126,2.914072,0.570086,0.001608,-0.000586,-0.527624,0.849476,41189.000000,39.500002
8.840459,2.872233,0.569871,0.000641,0.000823,-0.528293,0.849061,41209.000000,39.900052
8.857675,2.837418,0.568941,0.002700,-0.000312,-0.527542,0.849525,41225.000000,40.219985
8.881746,2.791175,0.567551,0.000581,0.001005,-0.528117,0.849171,41248.000000,40.679990
8.900750,2.751415,0.567929,-0.000047,0.000903,-0.526065,0.850444,41268.000000,41.080088
8.960500,2.626095,0.568621,0.002537,-0.000563,-0.526511,0.850165,41328.000000,42.280042
8.984687,2.581299,0.568135,0.002007,-0.002154,-0.527910,0.849295,41351.000000,42.740005
9.003377,2.539081,0.568412,0.000976,-0.000234,-0.525991,0.850490,41371.000000,43.140057
9.062776,2.417679,0.567038,0.001307,0.000196,-0.523870,0.851797,41433.000000,44.380065
9.132660,2.278195,0.569213,-0.000092,0.000252,-0.524030,0.851700,41499.000000,45.700023
9.164398,2.211775,0.567766,0.000709,0.000324,-0.523520,0.852013,41532.000000,46.360029
9.224139,2.088335,0.568977,0.002960,-0.000621,-0.524199,0.851590,41591.000000,47.539980
9.301000,1.928793,0.568699,0.001411,0.000549,-0.524540,0.851384,41667.000000,49.060064
9.332537,1.868025,0.569075,0.000435,0.000114,-0.522928,0.852377,41697.000000,49.659974
9.394751,1.747965,0.569144,0.002632,0.000434,-0.523609,0.851954,41759.000000,50.899995
9.406920,1.724385,0.570079,0.001012,0.001465,-0.525257,0.850942,41769.000000,51.099984
9.469352,1.598380,0.568881,0.001695,0.001571,-0.524518,0.851396,41831.000000,52.340013
9.537431,1.468652,0.567548,0.000288,0.002443,-0.523397,0.852086,41894.000000,53.599975
9.560559,1.427225,0.567571,0.002076,0.000668,-0.525900,0.850544,41914.000000,54.000016
9.583339,1.377412,0.568704,0.001171,0.002175,-0.525068,0.851057,41937.000000,54.460058
9.639566,1.261124,0.568536,0.000464,0.001105,-0.522686,0.852524,41996.000000,55.640060
9.661745,1.217250,0.569020,0.003075,0.000527,-0.523617,0.851948,42016.000000,56.039961
9.684903,1.171596,0.568697,0.000527,0.001695,-0.524153,0.851622,42039.000000,56.500097
9.753921,1.035567,0.567918,0.000609,0.000571,-0.525287,0.850925,42105.000000,57.820050
9.772759,0.994569,0.567816,-0.000071,0.000821,-0.522831,0.852436,42125.000000,58.220020
9.798906,0.940956,0.567723,0.003070,-0.000036,-0.522705,0.852508,42152.000000,58.760058
9.823070,0.890325,0.568524,0.002506,-0.001859,-0.524148,0.851622,42178.000000,59.280026
9.849986,0.837117,0.568102,0.001362,0.001664,-0.523866,0.851798,42205.000000,59.820065
9.914583,0.708667,0.569639,0.001571,0.001942,-0.523364,0.852105,42270.000000,61.120018
9.982492,0.572052,0.569949,0.001653,0.001524,-0.520425,0.853905,42329.000000,62.300045
10.000833,0.533858,0.569915,0.003713,-0.000281,-0.518885,0.854836,42349.000000,62.700017
10.078251,0.381332,0.570438,0.001613,-0.000047,-0.516594,0.856229,42425.000000,64.220069
10.153072,0.240414,0.568446,0.000704,0.001341,-0.514664,0.857391,42491.000000,65.539958
10.166717,0.220229,0.568701,0.000299,0.003097,-0.516157,0.856488,42501.000000,65.739998
10.234222,0.091113,0.570175,0.002192,-0.001658,-0.515868,0.856664,42570.000000,67.120010
10.291154,-0.021861,0.571136,0.002190,0.000652,-0.514072,0.857744,42626.000000,68.239999
10.360617,-0.150626,0.570383,0.000776,0.001626,-0.512632,0.858607,42691.000000,69.540078
10.437113,-0.292832,0.569339,0.000429,0.001860,-0.512142,0.858898,42757.000000,70.859964
10.457042,-0.327791,0.568995,0.001720,0.000384,-0.512185,0.858873,42774.000000,71.200003
10.516236,-0.442264,0.568827,0.002289,-0.001547,-0.511832,0.859081,42833.000000,72.379937
10.562550,-0.528942,0.569188,0.002860,-0.001111,-0.509454,0.860492,42873.000000,73.179952
